F1 score 没变化的是id是 294 概率变化是 0.0 [0, 0, 0, 0, 0, 0, 0, 0, 0, 0, 0] [0.2388428896665573, 0.23388417065143585, 0.23388417065143585, 0.23388417065143585, 0.23388417065143585, 0.23388417065143585, 0.23388417065143585, 0.23388417065143585, 0.23388417065143585, 0.23388417065143585]
sun:第 300 个的f1 score变化是 1.0 概率的变化是 0.4334771931171417 0.39488494396209717 0.4720694422721863
acc_S:第 300 个的f1 score变化是 1.0 概率的变化是 0.4334771931171417 0.39488494396209717 0.4720694422721863
acc_e:第 300 个的f1 score变化是 1.0 概率的变化是 0.4334771931171417 0.39488494396209717 0.4720694422721863
F1 score 没变化的是id是 392 概率变化是 0.17500170320272446 0.0 0.36924493312835693 [0, 0, 0, 0, 0, 0, 0, 0, 0, 0, 0] [0.15397138893604279, 0.32897309213876724, 0.32897309213876724, 0.32897309213876724, 0.32897309213876724, 0.32897309213876724, 0.32897309213876724, 0.32897309213876724, 0.32897309213876724, 0.32897309213876724]
F1 score 没变化的是id是 398 概率变化是 0.3028842881321907 0.06070977449417114 0.5450588017702103 [0, 0, 0, 0, 0, 0, 0, 0, 0, 0, 0] [0.17848936468362808, 0.4813736528158188, 0.4813736528158188, 0.4813736528158188, 0.4813736528158188, 0.4813736528158188, 0.4813736528158188, 0.4813736528158188, 0.4813736528158188, 0.4813736528158188]
F1 score 没变化的是id是 659 概率变化是 0.0 [0, 0, 0, 0, 0, 0, 0, 0, 0, 0, 0] [0.5486998558044434, 0.2428949922323227, 0.2428949922323227, 0.2428949922323227, 0.2428949922323227, 0.2428949922323227, 0.2428949922323227, 0.2428949922323227, 0.2428949922323227, 0.2428949922323227]
F1 score 没变化的是id是 675 概率变化是 0.2682487443089485 [0, 0, 0, 0, 0, 0, 0, 0, 0, 0, 0] [0.29271911084651947, 0.560967855155468, 0.560967855155468, 0.560967855155468, 0.560967855155468, 0.560967855155468, 0.560967855155468, 0.560967855155468, 0.560967855155468, 0.560967855155468]
F1 score 没变化的是id是 706 概率变化是 0.0 [0, 0, 0, 0, 0, 0, 0, 0, 0, 0, 0] [0.330954447388649, 0.2068437859416008, 0.2068437859416008, 0.2068437859416008, 0.2068437859416008, 0.2068437859416008, 0.2068437859416008, 0.2068437859416008, 0.2068437859416008, 0.2068437859416008]
第 757 个的f1 score变化是 0.0 概率的变化是 0.0
F1 score 没变化的是id是 888 概率变化是 0.032029569149017334 [0, 0, 0, 0, 0, 0, 0, 0, 0, 0, 0] [0.2987378388643265, 0.3307674080133438, 0.3307674080133438, 0.3307674080133438, 0.3307674080133438, 0.3307674080133438, 0.3307674080133438, 0.3307674080133438, 0.3307674080133438, 0.3307674080133438]
F1 score 没变化的是id是 925 概率变化是 0.0110463947057724 [0, 0, 0, 0, 0, 0, 0, 0, 0, 0, 0] [0.3811359852552414, 0.3921823799610138, 0.3921823799610138, 0.3921823799610138, 0.3921823799610138, 0.3921823799610138, 0.3921823799610138, 0.3921823799610138, 0.3921823799610138, 0.3921823799610138]
acc_e:第 1212 个的f1 score变化是 -1.0 概率的变化是 0.6078315526247025 0.3877481147646904 0.8279149904847145
acc_e:第 1272 个的f1 score变化是 0.0 概率的变化是 0.42198310047388077 0.11158198118209839 0.7323842197656631
cc_e:第 1275 个的f1 score变化是 0.0 概率的变化是 0.1371484398841858 0.0 0.3065575957298279
F1 score 没变化的是id是 1408 概率变化是 0.06461051478981972 [0, 0, 0, 0, 0, 0, 0, 0, 0, 0, 0] [0.14535216614603996, 0.20996268093585968, 0.20996268093585968, 0.20996268093585968, 0.20996268093585968, 0.20996268093585968, 0.20996268093585968, 0.20996268093585968, 0.20996268093585968, 0.20996268093585968]
acc_e:第 1420 个的f1 score变化是 -0.22222222222222227 概率的变化是 0.4172045737504959 0.16546514630317688 0.6689440011978149
F1 score 没变化的是id是 1709 概率变化是 0.5242456346750259 [0, 0, 0, 0, 0, 0, 0, 0, 0, 0, 0] [0.17668254673480988, 0.7009281814098358, 0.7009281814098358, 0.7009281814098358, 0.7009281814098358, 0.7009281814098358, 0.7009281814098358, 0.7009281814098358, 0.7009281814098358, 0.7009281814098358]
acc_e:第 1886 个的f1 score变化是 0.0 概率的变化是 0.26293377578258514 0.0 0.5531311631202698
F1 score 没变化的是id是 2038 概率变化是 0.0 [0, 0, 0, 0, 0, 0, 0, 0, 0, 0, 0] [0.3115811347961426, 0.19745075702667236, 0.19745075702667236, 0.19745075702667236, 0.19745075702667236, 0.19745075702667236, 0.19745075702667236, 0.19745075702667236, 0.19745075702667236, 0.19745075702667236]
第 2060 个的f1 score变化是 -0.06451612903225806 概率的变化是 0.6927824169397354
F1 score 没变化的是id是 2179 概率变化是 0.4006795510649681 [0, 0, 0, 0, 0, 0, 0, 0, 0, 0, 0] [0.15978553146123886, 0.560465082526207, 0.560465082526207, 0.560465082526207, 0.560465082526207, 0.560465082526207, 0.560465082526207, 0.560465082526207, 0.560465082526207, 0.560465082526207]
F1 score 没变化的是id是 2378 概率变化是 0.0 [0, 0, 0, 0, 0, 0, 0, 0, 0, 0, 0] [0.4646122604608536, 0.37433144450187683, 0.37433144450187683, 0.37433144450187683, 0.37433144450187683, 0.37433144450187683, 0.37433144450187683, 0.37433144450187683, 0.37433144450187683, 0.37433144450187683]
F1 score 没变化的是id是 3040 概率变化是 0.15727470442652702 [0, 0, 0, 0, 0, 0, 0, 0, 0, 0, 0] [0.11025551334023476, 0.2675302177667618, 0.2675302177667618, 0.2675302177667618, 0.2675302177667618, 0.2675302177667618, 0.2675302177667618, 0.2675302177667618, 0.2675302177667618, 0.2675302177667618]
F1 score 没变化的是id是 3139 概率变化是 0.042840272188186646 [1.0, 1.0, 1.0, 1.0, 1.0, 1.0, 1.0, 1.0, 1.0, 1.0, 1.0] [0.5021350979804993, 0.5449753701686859, 0.5449753701686859, 0.5449753701686859, 0.5449753701686859, 0.5449753701686859, 0.5449753701686859, 0.5449753701686859, 0.5449753701686859, 0.5449753701686859]
F1 score 没变化的是id是 3215 概率变化是 0.0 [0, 0, 0, 0, 0, 0, 0, 0, 0, 0, 0] [0.3728841245174408, 0.1845737025141716, 0.1845737025141716, 0.1845737025141716, 0.1845737025141716, 0.1845737025141716, 0.1845737025141716, 0.1845737025141716, 0.1845737025141716, 0.1845737025141716]